4294967294,0
4294967278,367
4294967278,200
4294967294,5
4294967279,417
4294967278,386
4294967294,6
81,2
4294967278,132
4294967278,131
4294967278,130
4294967278,129
4294967278,128
4294967278,127
4294967278,126
4294967278,125
4294967278,124
4294967278,123
4294967278,122
4294967278,121
4294967278,120
4294967278,119
4294967278,118
4294967278,117
4294967278,116
4294967278,115
4294967278,114
4294967278,113
4294967278,112
4294967278,111
4294967278,110
4294967278,109
4294967278,108
4294967278,107
4294967278,106
4294967278,105
4294967278,104
4294967278,103
4294967278,102
4294967278,101
4294967278,100
4294967278,99
4294967278,98
4294967278,97
4294967278,96
4294967278,95
4294967278,94
4294967278,93
4294967278,92
4294967278,91
4294967278,90
4294967278,89
4294967278,87
4294967278,86
4294967278,85
4294967278,84
4294967278,63
4294967278,347
4294967278,440
4294967279,64
4294967279,414
4294967279,62
4294967279,60
4294967279,59
4294967279,53
4294967279,52
4294967279,49
4294967279,298
4294967279,46
4294967279,469
4294967279,40
4294967279,37
4294967279,34
4294967279,31
4294967279,29
4294967279,412
4294967279,468
4294967279,450
4294967279,24
4294967279,21
4294967279,19
4294967279,18
4294967279,497
4294967279,464
4294967279,285
4294967279,8
4294967279,7
4294967279,6
4294967279,5
4294967279,4
86,4
89,4
4294967294,1242
4294967294,93
81,4
81,5
4294967294,1152
4294967294,1084
4294967294,1070
4294967294,1066
4294967294,46
4294967294,165
4294967294,167
4294967294,30
4294967294,164
4294967294,97
4294967294,174
4294967294,115
4294967294,387
4294967294,189
4294967294,183
4294967294,11
4294967279,84
4294967278,83
4294967278,393
4294967278,82
4294967278,438
4294967278,81
4294967278,385
4294967279,81
4294967278,80
4294967278,315
4294967278,79
4294967278,384
4294967279,79
4294967279,261
4294967278,78
4294967278,329
4294967278,77
4294967278,328
4294967279,77
4294967278,76
4294967278,327
4294967279,76
4294967279,387
4294967278,75
4294967278,326
4294967279,407
4294967278,74
4294967278,422
4294967279,406
4294967279,260
4294967279,0
4294967279,74
4294967278,73
4294967278,437
4294967278,72
4294967278,414
4294967279,400
4294967294,2
4294967278,71
4294967278,382
4294967279,71
4294967278,70
4294967278,397
4294967294,1
4294967294,426
4294967278,320
4294967278,69
4294967279,69
4294967279,395
4294967278,447
4294967278,260
4294967278,68
4294967279,68
4294967278,67
4294967278,436
4294967278,66
4294967278,429
4294967279,393
4294967278,65
4294967294,119
4294967294,179
4294967294,113
4294967294,457
4294967294,456
4294967294,454
4294967294,421
4294967294,110
4294967294,109
4294967294,112
4294967294,178
4294967294,27
4294967294,166
4294967294,24
4294967294,160
4294967294,95
4294967294,18
4294967294,185
4294967294,182
4294967294,81
4294967294,176
4294967294,1163
4294967294,1418
4294967294,68
4294967294,22
4294967294,17
4294967294,67
4294967294,76
4294967294,43
4294967294,51
4294967294,52
4294967294,451
4294967294,25
4294967294,599
4294967294,26
4294967294,7
4294967278,64
80,2
0,5
4294967294,1087
4294967278,446
336,5
336,4
336,3
336,2
336,1
4294967279,405
4294967278,445
4294967278,444
335,6
335,5
335,4
335,3
335,2
335,1
4294967279,484
4294967294,479
4294967278,443
4294967294,478
4294967294,1421
4294967294,1166
332,5
332,4
332,3
332,2
332,1
4294967294,471
4294967278,423
4294967293,131
4294967293,130
4294967293,129
4294967293,128
4294967293,127
4294967293,126
4294967293,125
4294967293,124
4294967293,123
4294967293,122
4294967293,121
4294967293,120
4294967293,119
4294967293,118
4294967293,117
4294967293,116
4294967293,115
4294967293,114
4294967293,113
4294967293,112
4294967293,111
4294967293,110
4294967293,109
4294967293,108
4294967293,107
4294967293,106
4294967293,105
4294967293,104
4294967293,103
4294967293,102
4294967293,101
4294967293,100
4294967293,99
4294967293,98
4294967293,97
4294967293,96
4294967293,95
4294967293,94
4294967293,93
4294967293,92
4294967293,91
4294967293,90
4294967293,89
4294967293,88
4294967293,87
4294967293,86
4294967293,85
4294967293,84
4294967293,83
4294967293,82
4294967293,81
4294967293,80
4294967293,79
4294967293,78
4294967293,77
4294967293,76
4294967293,75
4294967293,74
4294967293,73
4294967293,72
4294967293,71
4294967293,70
4294967293,69
4294967293,68
4294967293,67
4294967293,66
4294967293,65
4294967293,64
4294967293,63
4294967293,62
4294967293,61
4294967293,60
4294967293,59
4294967293,58
4294967293,57
4294967293,56
4294967293,55
4294967293,54
4294967293,53
4294967293,52
4294967293,51
4294967293,50
4294967293,49
4294967293,48
4294967293,47
4294967293,46
4294967293,45
4294967293,44
4294967293,43
4294967293,42
4294967293,41
